700.00,1.427
700.50,1.419
701.00,1.406
701.50,1.393
702.00,1.379
702.50,1.367
703.00,1.354
703.50,1.342
704.00,1.329
704.50,1.317
705.00,1.305
705.50,1.294
706.00,1.282
706.50,1.270
707.00,1.259
707.50,1.248
708.00,1.235
708.50,1.223
709.00,1.212
709.50,1.203
710.00,1.193
710.50,1.183
711.00,1.171
711.50,1.161
712.00,1.151
712.50,1.142
713.00,1.132
713.50,1.122
714.00,1.112
714.50,1.102
715.00,1.093
715.50,1.083
716.00,1.074
716.50,1.064
717.00,1.054
717.50,1.044
718.00,1.036
718.50,1.026
719.00,1.017
719.50,1.008
720.00,1.004
720.50,1.001
721.00,0.999
721.50,0.991
722.00,0.981
722.50,0.972
723.00,0.965
723.50,0.959
724.00,0.951
724.50,0.943
725.00,0.934
725.50,0.927
726.00,0.919
726.50,0.912
727.00,0.904
727.50,0.897
728.00,0.890
728.50,0.884
729.00,0.878
729.50,0.870
730.00,0.862
730.50,0.855
731.00,0.850
731.50,0.844
732.00,0.836
732.50,0.828
733.00,0.822
733.50,0.817
734.00,0.812
734.50,0.804
735.00,0.797
735.50,0.789
736.00,0.785
736.50,0.781
737.00,0.775
737.50,0.768
738.00,0.760
738.50,0.756
739.00,0.751
739.50,0.746
740.00,0.739
740.50,0.733
741.00,0.728
741.50,0.724
742.00,0.719
742.50,0.712
743.00,0.706
743.50,0.701
744.00,0.698
744.50,0.693
745.00,0.689
745.50,0.683
746.00,0.678
746.50,0.673
747.00,0.668
747.50,0.664
748.00,0.660
748.50,0.656
749.00,0.651
749.50,0.646
750.00,0.642
750.50,0.639
751.00,0.635
751.50,0.630
752.00,0.626
752.50,0.621
753.00,0.618
753.50,0.615
754.00,0.611
754.50,0.607
755.00,0.602
755.50,0.599
756.00,0.596
756.50,0.593
757.00,0.590
757.50,0.586
758.00,0.583
758.50,0.579
759.00,0.575
759.50,0.572
760.00,0.570
760.50,0.567
761.00,0.565
761.50,0.561
762.00,0.558
762.50,0.556
763.00,0.553
763.50,0.550
764.00,0.548
764.50,0.546
765.00,0.543
765.50,0.540
766.00,0.537
766.50,0.534
767.00,0.533
767.50,0.530
768.00,0.529
768.50,0.526
769.00,0.524
769.50,0.521
770.00,0.519
770.50,0.518
771.00,0.515
771.50,0.514
772.00,0.512
772.50,0.510
773.00,0.509
773.50,0.507
774.00,0.505
774.50,0.504
775.00,0.502
775.50,0.500
776.00,0.499
776.50,0.498
777.00,0.496
777.50,0.494
778.00,0.493
778.50,0.492
779.00,0.490
779.50,0.489
780.00,0.488
780.50,0.487
781.00,0.486
781.50,0.485
782.00,0.484
782.50,0.483
783.00,0.482
783.50,0.482
784.00,0.481
784.50,0.480
785.00,0.478
785.50,0.478
786.00,0.478
786.50,0.477
787.00,0.477
787.50,0.476
788.00,0.476
788.50,0.475
789.00,0.475
789.50,0.475
790.00,0.474
790.50,0.474
791.00,0.473
791.50,0.473
792.00,0.473
792.50,0.473
793.00,0.473
793.50,0.473
794.00,0.473
794.50,0.472
795.00,0.472
795.50,0.472
796.00,0.473
796.50,0.473
797.00,0.473
797.50,0.473
798.00,0.473
798.50,0.473
799.00,0.474
799.50,0.474
800.00,0.474
800.50,0.474
801.00,0.475
801.50,0.476
802.00,0.476
802.50,0.476
803.00,0.476
803.50,0.477
804.00,0.478
804.50,0.479
805.00,0.479
805.50,0.480
806.00,0.481
806.50,0.482
807.00,0.482
807.50,0.483
808.00,0.484
808.50,0.485
809.00,0.486
809.50,0.487
810.00,0.487
810.50,0.488
811.00,0.488
811.50,0.489
812.00,0.491
812.50,0.492
813.00,0.493
813.50,0.494
814.00,0.495
814.50,0.497
815.00,0.498
815.50,0.499
816.00,0.500
816.50,0.501
817.00,0.502
817.50,0.504
818.00,0.505
818.50,0.506
819.00,0.508
819.50,0.509
820.00,0.511
820.50,0.512
821.00,0.513
821.50,0.514
822.00,0.516
822.50,0.517
823.00,0.519
823.50,0.521
824.00,0.521
824.50,0.523
825.00,0.524
825.50,0.527
826.00,0.528
826.50,0.530
827.00,0.531
827.50,0.534
828.00,0.536
828.50,0.537
829.00,0.539
829.50,0.540
830.00,0.542
830.50,0.546
831.00,0.548
831.50,0.551
832.00,0.553
832.50,0.555
833.00,0.557
833.50,0.558
834.00,0.560
834.50,0.561
835.00,0.564
835.50,0.566
836.00,0.568
836.50,0.571
837.00,0.574
837.50,0.576
838.00,0.577
838.50,0.578
839.00,0.581
839.50,0.583
840.00,0.585
840.50,0.587
841.00,0.590
841.50,0.592
842.00,0.594
842.50,0.596
843.00,0.599
843.50,0.601
844.00,0.604
844.50,0.606
845.00,0.608
845.50,0.610
846.00,0.612
846.50,0.614
847.00,0.617
847.50,0.619
848.00,0.621
848.50,0.622
849.00,0.625
849.50,0.629
850.00,0.631
850.50,0.633
851.00,0.635
851.50,0.638
852.00,0.641
852.50,0.643
853.00,0.645
853.50,0.647
854.00,0.650
854.50,0.652
855.00,0.655
855.50,0.658
856.00,0.660
856.50,0.662
857.00,0.663
857.50,0.666
858.00,0.668
858.50,0.671
859.00,0.674
859.50,0.676
860.00,0.679
860.50,0.681
861.00,0.683
861.50,0.686
862.00,0.688
862.50,0.690
863.00,0.693
863.50,0.696
864.00,0.699
864.50,0.702
865.00,0.704
865.50,0.707
866.00,0.710
866.50,0.712
867.00,0.714
867.50,0.716
868.00,0.719
868.50,0.721
869.00,0.724
869.50,0.727
870.00,0.730
870.50,0.732
871.00,0.734
871.50,0.737
872.00,0.740
872.50,0.742
873.00,0.745
873.50,0.747
874.00,0.751
874.50,0.754
875.00,0.756
875.50,0.759
876.00,0.762
876.50,0.765
877.00,0.764
877.50,0.764
878.00,0.766
878.50,0.773
879.00,0.774
879.50,0.776
880.00,0.779
880.50,0.781
881.00,0.783
881.50,0.785
882.00,0.787
882.50,0.790
883.00,0.793
883.50,0.795
884.00,0.798
884.50,0.800
885.00,0.803
885.50,0.804
886.00,0.806
886.50,0.808
887.00,0.811
887.50,0.813
888.00,0.815
888.50,0.817
889.00,0.819
889.50,0.821
890.00,0.823
890.50,0.825
891.00,0.827
891.50,0.829
892.00,0.831
892.50,0.833
893.00,0.835
893.50,0.837
894.00,0.838
894.50,0.840
895.00,0.843
895.50,0.845
896.00,0.847
896.50,0.848
897.00,0.850
897.50,0.852
898.00,0.854
898.50,0.855
899.00,0.857
899.50,0.858
900.00,0.860
900.50,0.863
901.00,0.865
901.50,0.866
902.00,0.867
902.50,0.869
903.00,0.871
903.50,0.872
904.00,0.874
904.50,0.876
905.00,0.877
905.50,0.879
906.00,0.880
906.50,0.881
907.00,0.883
907.50,0.885
908.00,0.886
908.50,0.887
909.00,0.889
909.50,0.890
910.00,0.891
910.50,0.892
911.00,0.894
911.50,0.896
912.00,0.897
912.50,0.898
913.00,0.899
913.50,0.900
914.00,0.901
914.50,0.903
915.00,0.904
915.50,0.905
916.00,0.906
916.50,0.907
917.00,0.908
917.50,0.908
918.00,0.910
918.50,0.911
919.00,0.912
919.50,0.912
920.00,0.913
920.50,0.913
921.00,0.914
921.50,0.918
922.00,0.918
922.50,0.919
923.00,0.917
923.50,0.918
924.00,0.919
924.50,0.919
925.00,0.920
925.50,0.920
926.00,0.920
926.50,0.921
927.00,0.921
927.50,0.922
928.00,0.922
928.50,0.923
929.00,0.923
929.50,0.923
930.00,0.923
930.50,0.924
931.00,0.924
931.50,0.924
932.00,0.925
932.50,0.924
933.00,0.925
933.50,0.925
934.00,0.925
934.50,0.925
935.00,0.925
935.50,0.925
936.00,0.925
936.50,0.925
937.00,0.924
937.50,0.924
938.00,0.924
938.50,0.924
939.00,0.923
939.50,0.923
940.00,0.923
940.50,0.922
941.00,0.922
941.50,0.922
942.00,0.921
942.50,0.920
943.00,0.920
943.50,0.920
944.00,0.919
944.50,0.919
945.00,0.918
945.50,0.917
946.00,0.916
946.50,0.916
947.00,0.915
947.50,0.914
948.00,0.913
948.50,0.913
949.00,0.912
949.50,0.911
950.00,0.909
950.50,0.909
951.00,0.907
951.50,0.907
952.00,0.906
952.50,0.905
953.00,0.903
953.50,0.902
954.00,0.901
954.50,0.899
955.00,0.897
955.50,0.896
956.00,0.895
956.50,0.894
957.00,0.892
957.50,0.891
958.00,0.889
958.50,0.888
959.00,0.886
959.50,0.884
960.00,0.883
960.50,0.881
961.00,0.880
961.50,0.878
962.00,0.876
962.50,0.874
963.00,0.873
963.50,0.871
964.00,0.869
964.50,0.868
965.00,0.866
965.50,0.863
966.00,0.861
966.50,0.858
967.00,0.859
967.50,0.856
968.00,0.855
968.50,0.850
969.00,0.848
969.50,0.846
970.00,0.844
970.50,0.842
971.00,0.839
971.50,0.837
972.00,0.834
972.50,0.832
973.00,0.830
973.50,0.828
974.00,0.826
974.50,0.824
975.00,0.821
975.50,0.818
976.00,0.816
976.50,0.814
977.00,0.811
977.50,0.809
978.00,0.806
978.50,0.803
979.00,0.800
979.50,0.797
980.00,0.795
980.50,0.792
981.00,0.790
981.50,0.787
982.00,0.784
982.50,0.781
983.00,0.778
983.50,0.775
984.00,0.772
984.50,0.769
985.00,0.767
985.50,0.767
986.00,0.765
986.50,0.761
987.00,0.756
987.50,0.753
988.00,0.750
988.50,0.747
989.00,0.744
989.50,0.742
990.00,0.739
990.50,0.736
991.00,0.733
991.50,0.731
992.00,0.728
992.50,0.725
993.00,0.722
993.50,0.719
994.00,0.716
994.50,0.713
995.00,0.709
995.50,0.707
996.00,0.704
996.50,0.701
997.00,0.698
997.50,0.695
998.00,0.692
998.50,0.689
999.00,0.686
999.50,0.683
1000.00,0.680
1000.50,0.679
1001.00,0.675
1001.50,0.671
1002.00,0.667
1002.50,0.664
1003.00,0.661
1003.50,0.658
1004.00,0.655
1004.50,0.652
1005.00,0.649
1005.50,0.646
1006.00,0.642
1006.50,0.640
1007.00,0.637
1007.50,0.633
1008.00,0.631
1008.50,0.628
1009.00,0.625
1009.50,0.621
1010.00,0.617
1010.50,0.614
1011.00,0.612
1011.50,0.608
1012.00,0.605
1012.50,0.603
1013.00,0.600
1013.50,0.597
1014.00,0.593
1014.50,0.590
1015.00,0.587
1015.50,0.584
1016.00,0.581
1016.50,0.578
1017.00,0.575
1017.50,0.573
1018.00,0.570
1018.50,0.567
1019.00,0.562
1019.50,0.559
1020.00,0.557
1020.50,0.554
1021.00,0.551
1021.50,0.548
1022.00,0.545
1022.50,0.542
1023.00,0.540
1023.50,0.536
1024.00,0.533
1024.50,0.530
1025.00,0.528
1025.50,0.525
1026.00,0.522
1026.50,0.519
1027.00,0.517
1027.50,0.514
1028.00,0.511
1028.50,0.509
1029.00,0.507
1029.50,0.504
1030.00,0.500
1030.50,0.498
1031.00,0.495
1031.50,0.492
1032.00,0.489
1032.50,0.486
1033.00,0.484
1033.50,0.481
1034.00,0.478
1034.50,0.475
1035.00,0.473
1035.50,0.469
1036.00,0.466
1036.50,0.465
1037.00,0.463
1037.50,0.460
1038.00,0.455
1038.50,0.453
1039.00,0.450
1039.50,0.447
1040.00,0.444
1040.50,0.442
1041.00,0.439
1041.50,0.436
1042.00,0.433
1042.50,0.431
1043.00,0.428
1043.50,0.425
1044.00,0.423
1044.50,0.420
1045.00,0.418
1045.50,0.415
1046.00,0.412
1046.50,0.410
1047.00,0.407
1047.50,0.405
1048.00,0.402
1048.50,0.400
1049.00,0.397
1049.50,0.394
1050.00,0.392
1050.50,0.389
1051.00,0.387
1051.50,0.385
1052.00,0.383
1052.50,0.381
1053.00,0.378
1053.50,0.375
1054.00,0.372
1054.50,0.370
1055.00,0.368
1055.50,0.365
1056.00,0.363
1056.50,0.361
1057.00,0.359
1057.50,0.357
1058.00,0.355
1058.50,0.352
1059.00,0.350
1059.50,0.348
1060.00,0.345
1060.50,0.343
1061.00,0.341
1061.50,0.340
1062.00,0.337
1062.50,0.335
1063.00,0.333
1063.50,0.331
1064.00,0.329
1064.50,0.327
1065.00,0.325
1065.50,0.323
1066.00,0.321
1066.50,0.319
1067.00,0.317
1067.50,0.315
1068.00,0.313
1068.50,0.311
1069.00,0.309
1069.50,0.307
1070.00,0.305
1070.50,0.303
1071.00,0.301
1071.50,0.299
1072.00,0.297
1072.50,0.295
1073.00,0.293
1073.50,0.291
1074.00,0.289
1074.50,0.287
1075.00,0.285
1075.50,0.283
1076.00,0.281
1076.50,0.279
1077.00,0.278
1077.50,0.276
1078.00,0.274
1078.50,0.272
1079.00,0.270
1079.50,0.269
1080.00,0.267
1080.50,0.266
1081.00,0.264
1081.50,0.263
1082.00,0.261
1082.50,0.259
1083.00,0.258
1083.50,0.256
1084.00,0.255
1084.50,0.255
1085.00,0.253
1085.50,0.252
1086.00,0.249
1086.50,0.247
1087.00,0.246
1087.50,0.244
1088.00,0.243
1088.50,0.241
1089.00,0.240
1089.50,0.239
1090.00,0.238
1090.50,0.236
1091.00,0.234
1091.50,0.233
1092.00,0.232
1092.50,0.230
1093.00,0.229
1093.50,0.228
1094.00,0.227
1094.50,0.226
1095.00,0.224
1095.50,0.223
1096.00,0.222
1096.50,0.221
1097.00,0.219
1097.50,0.218
1098.00,0.217
1098.50,0.215
1099.00,0.214
1099.50,0.213
1100.00,0.213
